IRECT(1060,758,1220,833)
IRECT(10,10,1010,560)
IRECT(0,0,1020,730)
IRECT(176,640,214,678)
IRECT(234,640,272,678)
IRECT(285,640,323,678)
IRECT(349,640,387,678)
IRECT(396,640,434,678)
IRECT(445,640,483,678)
IRECT(523,640,561,678)
IRECT(445,577,483,615)
IRECT(250,572,310,632)
IRECT(361,572,421,632)
IRECT(511,572,571,632)
IRECT(177,590,212,610)
IRECT(598,575,633,675)
IRECT(648,575,683,675)
IRECT(707,575,742,675)
IRECT(757,575,792,675)
IRECT(807,575,842,675)
IRECT(0,0,1020,730)
IRECT(256,576,294,614)
IRECT(256,641,294,679)
IRECT(456,576,494,614)
IRECT(456,641,494,679)
IRECT(171,622,231,682)
IRECT(300,583,385,688)
IRECT(500,583,585,688)
IRECT(355,590,445,680)
IRECT(555,590,645,680)
IRECT(158,577,243,597)
IRECT(158,579,240,596)
IRECT(158,597,183,617)
IRECT(218,597,243,617)
IRECT(658,575,693,675)
IRECT(707,575,742,675)
IRECT(758,575,793,675)
IRECT(827,575,862,675)
IRECT(0,0,1020,730)
IRECT(256,576,294,614)
IRECT(256,641,294,679)
IRECT(456,576,494,614)
IRECT(456,641,494,679)
IRECT(171,622,231,682)
IRECT(300,583,385,688)
IRECT(500,583,585,688)
IRECT(355,590,445,680)
IRECT(555,590,645,680)
IRECT(158,577,243,597)
IRECT(158,579,240,596)
IRECT(158,597,183,617)
IRECT(218,597,243,617)
IRECT(658,575,693,675)
IRECT(707,575,742,675)
IRECT(758,575,793,675)
IRECT(827,575,862,675)
IRECT(0,0,1020,730)
IRECT(436,641,474,679)
IRECT(425,570,485,630)
IRECT(507,575,542,675)
IRECT(557,575,592,675)
IRECT(0,0,1020,730)
IRECT(436,641,474,679)
IRECT(496,641,534,679)
IRECT(455,570,515,630)
IRECT(547,575,582,675)
IRECT(0,0,1020,730)
IRECT(516,576,554,614)
IRECT(516,641,554,679)
IRECT(430,622,490,682)
IRECT(567,575,602,675)
IRECT(417,577,502,597)
IRECT(417,577,499,594)
IRECT(417,597,442,617)
IRECT(477,597,502,617)
IRECT(0,0,1020,730)
IRECT(483,641,521,679)
IRECT(543,641,581,679)
IRECT(408,621,468,681)
IRECT(501,571,561,631)
IRECT(593,575,628,675)
IRECT(394,577,479,597)
IRECT(394,577,476,594)
IRECT(394,597,419,617)
IRECT(454,597,479,617)
IRECT(0,0,1020,730)
IRECT(417,641,455,679)
IRECT(456,641,494,679)
IRECT(425,570,485,630)
IRECT(518,575,553,675)
IRECT(567,575,602,675)
IRECT(0,0,1020,730)
IRECT(446,576,484,614)
IRECT(446,641,484,679)
IRECT(517,641,555,679)
IRECT(585,576,623,614)
IRECT(585,641,623,679)
IRECT(360,621,420,681)
IRECT(505,570,565,630)
IRECT(347,577,432,597)
IRECT(347,577,429,594)
IRECT(347,597,372,617)
IRECT(407,597,432,617)
IRECT(637,575,672,675)
IRECT(0,0,1020,730)
IRECT(446,576,484,614)
IRECT(446,641,484,679)
IRECT(517,641,555,679)
IRECT(585,576,623,614)
IRECT(585,641,623,679)
IRECT(360,621,420,681)
IRECT(505,570,565,630)
IRECT(347,577,432,597)
IRECT(347,577,429,594)
IRECT(347,597,372,617)
IRECT(407,597,432,617)
IRECT(637,575,672,675)
IRECT(0,0,1020,730)
IRECT(482,577,520,615)
IRECT(482,641,520,679)
IRECT(551,641,589,679)
IRECT(396,621,456,681)
IRECT(539,571,599,631)
IRECT(382,577,467,597)
IRECT(382,577,464,594)
IRECT(382,597,407,617)
IRECT(442,597,467,617)
IRECT(603,575,638,675)
IRECT(0,0,1020,730)
IRECT(482,577,520,615)
IRECT(482,641,520,679)
IRECT(551,641,589,679)
IRECT(396,621,456,681)
IRECT(539,571,599,631)
IRECT(382,577,467,597)
IRECT(382,577,464,594)
IRECT(382,597,407,617)
IRECT(442,597,467,617)
IRECT(603,575,638,675)
IRECT(290,137,682,521)
IRECT(428,139,820,523)
IRECT(26,-5,418,379)
IRECT(546,17,938,401)
IRECT(150,10,542,394)
IRECT(421,-9,813,375)
IRECT(263,-2,655,382)
IRECT(350,2,742,386)
IRECT(559,110,951,494)
IRECT(60,91,452,475)
IRECT(148,142,540,526)
IRECT(464,319,630,478)
IRECT(618,323,827,491)
IRECT(742,220,929,347)
IRECT(748,36,968,248)
IRECT(637,22,775,209)
IRECT(412,50,496,218)
IRECT(497,57,636,215)
IRECT(210,35,390,216)
IRECT(16,90,238,198)
IRECT(95,247,291,335)
IRECT(320,319,423,475)
IRECT(10,10,1010,560)
IRECT(130,97,342,291)
IRECT(374,222,604,440)
IRECT(521,223,751,439)
IRECT(668,125,869,326)
IRECT(535,106,753,296)
IRECT(661,226,879,416)
IRECT(164,207,368,375)
IRECT(253,259,455,427)
IRECT(280,97,457,305)
IRECT(370,99,633,303)
IRECT(182,161,295,216)
IRECT(426,271,556,388)
IRECT(571,273,700,390)
IRECT(714,169,808,272)
IRECT(585,162,709,212)
IRECT(713,277,835,372)
IRECT(214,257,316,324)
IRECT(304,308,405,374)
IRECT(326,145,397,253)
IRECT(422,150,509,251)
IRECT(508,167,582,252)
IRECT(10,10,121,43)
IRECT(650,448,758,481)
IRECT(836,448,944,481)
IRECT(901,10,1009,43)
IRECT(189,10,304,43)
IRECT(381,10,492,43)
IRECT(583,10,694,43)
IRECT(769,10,880,43)
IRECT(901,224,1008,257)
IRECT(11,223,116,256)
IRECT(440,448,552,481)
IRECT(267,520,309,550)
IRECT(22,92,57,169)
IRECT(547,21,582,98)
IRECT(733,21,768,98)
IRECT(964,91,999,168)
IRECT(964,305,999,382)
IRECT(798,461,833,538)
IRECT(612,461,647,538)
IRECT(404,461,439,538)
IRECT(345,21,380,98)
IRECT(22,304,57,381)
IRECT(153,21,188,98)
IRECT(22,459,57,536)
IRECT(21,37,59,75)
IRECT(70,37,108,75)
IRECT(203,37,241,75)
IRECT(252,37,290,75)
IRECT(394,37,432,75)
IRECT(444,37,482,75)
IRECT(596,37,634,75)
IRECT(645,37,683,75)
IRECT(782,37,820,75)
IRECT(832,37,870,75)
IRECT(912,37,950,75)
IRECT(963,37,1001,75)
IRECT(913,251,951,289)
IRECT(963,251,1001,289)
IRECT(847,477,885,515)
IRECT(897,477,935,515)
IRECT(662,477,700,515)
IRECT(711,477,749,515)
IRECT(453,477,491,515)
IRECT(503,477,541,515)
IRECT(21,251,59,289)
IRECT(70,251,108,289)
IRECT(71,457,109,495)
IRECT(120,457,158,495)
IRECT(171,457,209,495)
IRECT(220,457,258,495)
IRECT(68,506,259,550)
IRECT(0,0,1020,560)
IRECT(67,216,105,254)
IRECT(137,216,175,254)
IRECT(207,216,245,254)
IRECT(277,216,315,254)
IRECT(347,216,385,254)
IRECT(417,216,455,254)
IRECT(487,216,525,254)
IRECT(557,216,595,254)
IRECT(627,216,665,254)
IRECT(697,216,735,254)
IRECT(767,216,805,254)
IRECT(837,216,875,254)
IRECT(67,259,105,297)
IRECT(137,259,175,297)
IRECT(207,259,245,297)
IRECT(277,259,315,297)
IRECT(347,259,385,297)
IRECT(417,259,455,297)
IRECT(487,259,525,297)
IRECT(557,259,595,297)
IRECT(627,259,665,297)
IRECT(697,259,735,297)
IRECT(767,259,805,297)
IRECT(837,259,875,297)
IRECT(62,304,110,352)
IRECT(132,304,180,352)
IRECT(202,304,250,352)
IRECT(272,304,320,352)
IRECT(342,304,390,352)
IRECT(412,304,460,352)
IRECT(482,304,530,352)
IRECT(552,304,600,352)
IRECT(622,304,670,352)
IRECT(692,304,740,352)
IRECT(762,304,810,352)
IRECT(832,304,880,352)
IRECT(67,362,102,482)
IRECT(137,362,172,482)
IRECT(207,362,242,482)
IRECT(277,362,312,482)
IRECT(347,362,382,482)
IRECT(417,362,452,482)
IRECT(487,362,522,482)
IRECT(557,362,592,482)
IRECT(627,362,662,482)
IRECT(697,362,732,482)
IRECT(767,362,802,482)
IRECT(837,362,872,482)
IRECT(63,506,108,524)
IRECT(133,506,178,524)
IRECT(203,506,248,524)
IRECT(273,506,318,524)
IRECT(343,506,388,524)
IRECT(413,506,458,524)
IRECT(483,506,528,524)
IRECT(553,506,598,524)
IRECT(623,506,668,524)
IRECT(693,506,738,524)
IRECT(763,506,808,524)
IRECT(833,506,878,524)
IRECT(906,393,944,431)
IRECT(906,464,944,502)
IRECT(336,46,374,84)
IRECT(336,111,374,149)
IRECT(411,111,449,149)
IRECT(501,111,539,149)
IRECT(570,111,608,149)
IRECT(661,111,699,149)
IRECT(731,111,769,149)
IRECT(250,90,310,150)
IRECT(399,41,459,101)
IRECT(490,41,550,101)
IRECT(559,41,619,101)
IRECT(649,41,709,101)
IRECT(720,41,780,101)
IRECT(237,47,322,67)
IRECT(237,47,317,65)
IRECT(237,67,262,87)
IRECT(297,67,322,87)
IRECT(346,168,376,188)
IRECT(437,168,467,188)
IRECT(596,168,626,188)
IRECT(756,168,786,188)
IRECT(892,655,945,675)
IRECT(944,655,997,675)
IRECT(1020,0,1260,730)
IRECT(944,698,999,718)
IRECT(178,730,842,864)
IRECT(202,768,224,790)
IRECT(202,823,224,845)
IRECT(272,823,294,845)
IRECT(272,768,294,790)
IRECT(325,754,340,856)
IRECT(430,768,452,790)
IRECT(430,823,452,845)
IRECT(500,823,522,845)
IRECT(500,768,522,790)
IRECT(552,754,567,856)
IRECT(655,768,677,790)
IRECT(656,823,678,845)
IRECT(726,823,748,845)
IRECT(725,768,747,790)
IRECT(778,754,793,856)
IRECT(591,735,656,752)
IRECT(0,730,867,864)
IRECT(923.5,780,963.5,800)
IRECT(918.5,740,968.5,780)
IRECT(906.5,820,980.5,844)
IRECT(892,698,947,718)
IRECT(944,676,997,696)
IRECT(892,676,945,696)
IRECT(1083,696,1193,720)
IRECT(1034,444,1216,677)
IRECT(1230,444,1240,679)
IRECT(1026,381,1096,405)
IRECT(1105,381,1175,405)
IRECT(1184,381,1254,405)
IRECT(1034,97,1216,368)
IRECT(1230,95,1241,368)
IRECT(1030,39,1135,58)
IRECT(1169,37,1231,59)
IRECT(1231,36,1255,60)
IRECT(1145,36,1169,60)
IRECT(1028,6,1138,30)
IRECT(1145,6,1255,30)
