IRECT(1009,410,1169,485)
IRECT(0,0,738,380)
IRECT(969,0,1209,382)
IRECT(19,44,717,341)
IRECT(19,44,717,341)
IRECT(31,74,139,91)
IRECT(31,222,139,239)
IRECT(31,155,101,172)
IRECT(31,303,101,320)
IRECT(171,97,241,114)
IRECT(171,214,241,231)
IRECT(171,154,241,171)
IRECT(171,267,241,284)
IRECT(296,140,366,157)
IRECT(296,162,366,179)
IRECT(296,283,366,300)
IRECT(296,305,366,322)
IRECT(457,199,527,216)
IRECT(457,268,527,285)
IRECT(534,216,604,233)
IRECT(534,194,604,211)
IRECT(364,56,434,73)
IRECT(364,199,434,216)
IRECT(107,154,127,174)
IRECT(134,158,157,173)
IRECT(107,302,127,322)
IRECT(134,306,157,321)
IRECT(246,96,266,116)
IRECT(267,99,290,114)
IRECT(246,213,266,233)
IRECT(267,156,290,171)
IRECT(246,153,266,173)
IRECT(38,133,61,148)
IRECT(246,266,266,286)
IRECT(38,133,61,148)
IRECT(375,91,395,111)
IRECT(374,116,397,131)
IRECT(415,91,435,111)
IRECT(414,116,437,131)
IRECT(368,140,388,160)
IRECT(413,143,436,158)
IRECT(368,161,388,181)
IRECT(413,163,436,178)
IRECT(375,234,395,254)
IRECT(373,260,396,275)
IRECT(415,234,435,254)
IRECT(413,260,436,275)
IRECT(368,283,388,303)
IRECT(413,286,436,301)
IRECT(368,304,388,324)
IRECT(413,307,436,322)
IRECT(536,88,556,108)
IRECT(535,113,558,128)
IRECT(569,88,589,108)
IRECT(568,113,591,128)
IRECT(600,88,620,108)
IRECT(598,113,621,128)
IRECT(536,285,556,305)
IRECT(535,311,558,326)
IRECT(569,285,589,305)
IRECT(568,311,591,326)
IRECT(600,285,620,305)
IRECT(598,311,621,326)
IRECT(655,214,675,234)
IRECT(679,217,702,232)
IRECT(655,190,675,210)
IRECT(679,193,702,208)
IRECT(462,224,482,244)
IRECT(494,227,517,242)
IRECT(462,292,482,312)
IRECT(494,295,517,310)
IRECT(39,108,59,128)
IRECT(38,133,61,148)
IRECT(74,108,94,128)
IRECT(73,133,96,148)
IRECT(110,109,130,129)
IRECT(109,133,132,148)
IRECT(39,257,59,277)
IRECT(38,282,61,297)
IRECT(74,257,94,277)
IRECT(73,282,96,297)
IRECT(110,257,130,277)
IRECT(109,282,132,297)
IRECT(246,71,266,91)
IRECT(267,75,290,90)
IRECT(246,128,266,148)
IRECT(267,131,290,146)
IRECT(246,188,266,208)
IRECT(267,192,290,207)
IRECT(246,241,266,261)
IRECT(267,244,290,259)
IRECT(246,304,266,324)
IRECT(267,306,290,321)
IRECT(655,140,675,160)
IRECT(679,142,702,157)
IRECT(655,165,675,185)
IRECT(679,168,702,183)
IRECT(569,165,589,185)
IRECT(596,168,619,183)
IRECT(302,91,322,111)
IRECT(301,116,324,131)
IRECT(334,91,354,111)
IRECT(333,116,356,131)
IRECT(302,234,322,254)
IRECT(301,260,324,275)
IRECT(334,234,354,254)
IRECT(333,260,356,275)
IRECT(630,69,644,111)
IRECT(650,69,664,111)
IRECT(670,69,684,111)
IRECT(689,69,703,111)
IRECT(630,262,644,304)
IRECT(650,262,664,304)
IRECT(670,262,684,304)
IRECT(689,262,703,304)
IRECT(630,69,644,115)
IRECT(650,69,664,115)
IRECT(670,69,684,115)
IRECT(689,69,703,115)
IRECT(630,262,644,308)
IRECT(650,262,664,308)
IRECT(670,262,684,308)
IRECT(689,262,703,308)
IRECT(484,131,498,145)
IRECT(535,168,564,182)
IRECT(624,168,652,182)
IRECT(605,195,657,209)
IRECT(605,219,657,233)
IRECT(470,82,510,120)
IRECT(193,117,263,134)
IRECT(31,262,101,279)
IRECT(31,282,101,299)
IRECT(215,260,285,277)
IRECT(215,280,285,297)
IRECT(32,303,102,320)
IRECT(215,303,285,320)
IRECT(615,83,638,98)
IRECT(77,196,91,210)
IRECT(188,196,202,210)
IRECT(266,196,280,210)
IRECT(376,196,390,210)
IRECT(453,316,467,330)
IRECT(508,159,522,173)
IRECT(534,317,548,331)
IRECT(688,200,702,214)
IRECT(688,260,702,274)
IRECT(682,64,700,130)
IRECT(33,155,147,174)
IRECT(220,155,334,174)
IRECT(32,155,146,174)
IRECT(220,155,334,174)
IRECT(395,75,409,117)
IRECT(415,75,429,117)
IRECT(435,75,449,117)
IRECT(455,75,469,117)
IRECT(395,75,409,121)
IRECT(415,75,429,121)
IRECT(435,75,449,121)
IRECT(455,75,469,121)
IRECT(42,72,62,92)
IRECT(40,98,63,113)
IRECT(77,72,97,92)
IRECT(75,98,98,113)
IRECT(135,91,155,111)
IRECT(162,95,185,110)
IRECT(41,192,61,212)
IRECT(40,217,63,232)
IRECT(105,192,125,212)
IRECT(104,217,127,232)
IRECT(133,192,153,212)
IRECT(132,217,155,232)
IRECT(158,192,178,212)
IRECT(157,217,180,232)
IRECT(64,239,84,259)
IRECT(89,243,112,258)
IRECT(225,192,245,212)
IRECT(224,217,247,232)
IRECT(289,192,309,212)
IRECT(288,217,311,232)
IRECT(317,192,337,212)
IRECT(316,217,339,232)
IRECT(342,192,362,212)
IRECT(341,217,364,232)
IRECT(248,239,268,259)
IRECT(273,243,296,258)
IRECT(486,93,506,113)
IRECT(485,119,508,134)
IRECT(517,93,537,113)
IRECT(515,119,538,134)
IRECT(415,234,435,254)
IRECT(413,260,436,275)
IRECT(415,190,435,210)
IRECT(441,194,464,209)
IRECT(479,233,499,253)
IRECT(478,257,501,272)
IRECT(416,286,436,306)
IRECT(413,310,436,325)
IRECT(479,286,499,306)
IRECT(478,311,501,326)
IRECT(538,199,558,219)
IRECT(536,223,559,238)
IRECT(538,260,558,280)
IRECT(538,285,561,300)
IRECT(590,196,610,216)
IRECT(589,220,612,235)
IRECT(619,196,639,216)
IRECT(617,220,640,235)
IRECT(652,196,672,216)
IRECT(652,220,675,235)
IRECT(590,259,610,279)
IRECT(589,282,612,297)
IRECT(618,259,638,279)
IRECT(618,282,641,297)
IRECT(651,259,671,279)
IRECT(650,283,673,298)
IRECT(661,309,681,329)
IRECT(686,311,709,326)
IRECT(135,116,155,136)
IRECT(161,118,184,133)
IRECT(148,237,168,257)
IRECT(174,240,197,255)
IRECT(148,260,168,280)
IRECT(174,262,197,277)
IRECT(148,284,168,304)
IRECT(173,288,196,303)
IRECT(148,307,168,327)
IRECT(173,310,196,325)
IRECT(332,237,352,257)
IRECT(358,240,381,255)
IRECT(332,260,352,280)
IRECT(358,262,381,277)
IRECT(332,284,352,304)
IRECT(357,288,380,303)
IRECT(332,307,352,327)
IRECT(357,310,380,325)
IRECT(303,94,323,114)
IRECT(301,117,324,132)
IRECT(333,94,353,114)
IRECT(332,117,355,132)
IRECT(365,94,385,114)
IRECT(364,117,387,132)
IRECT(533,181,563,195)
IRECT(533,246,563,260)
IRECT(533,207,558,219)
IRECT(533,267,558,279)
IRECT(522,223,571,240)
IRECT(521,284,570,301)
IRECT(282,14,348,36)
IRECT(35,345,101,367)
IRECT(100,345,166,367)
IRECT(152,382,816,516)
IRECT(176,420,198,442)
IRECT(176,475,198,497)
IRECT(246,475,268,497)
IRECT(246,420,268,442)
IRECT(299,406,314,508)
IRECT(404,420,426,442)
IRECT(404,475,426,497)
IRECT(474,475,496,497)
IRECT(474,420,496,442)
IRECT(526,406,541,508)
IRECT(629,420,651,442)
IRECT(630,475,652,497)
IRECT(700,475,722,497)
IRECT(699,420,721,442)
IRECT(752,406,767,508)
IRECT(565,387,630,404)
IRECT(0,382,627.3,516)
IRECT(662.65,432,702.65,452)
IRECT(657.65,392,707.65,432)
IRECT(645.65,472,719.65,496)
IRECT(509,14,575,36)
IRECT(434,14,500,36)
IRECT(359,14,425,36)
IRECT(1033,351,1143,375)
IRECT(983,261,1165,336)
IRECT(1179,260,1189,335)
IRECT(975,203,1045,227)
IRECT(1054,203,1124,227)
IRECT(1133,203,1203,227)
IRECT(983,97,1165,192)
IRECT(1179,95,1189,191)
IRECT(979,39,1084,58)
IRECT(1118,37,1180,59)
IRECT(1180,36,1204,60)
IRECT(1094,36,1118,60)
IRECT(976,6,1086,30)
IRECT(1094,6,1204,30)
