IRECT(900,698,1060,773)
IRECT(0,0,860,670)
IRECT(0,0,860,670)
IRECT(0,0,860,670)
IRECT(0,0,860,670)
IRECT(0,0,860,670)
IRECT(366,74,406,114)
IRECT(415,74,455,114)
IRECT(366,146,406,186)
IRECT(415,146,455,186)
IRECT(505,74,545,114)
IRECT(555,74,595,114)
IRECT(505,146,545,186)
IRECT(555,146,595,186)
IRECT(280,123,340,183)
IRECT(278,261,312,351)
IRECT(333,261,367,351)
IRECT(388,261,422,351)
IRECT(443,261,477,351)
IRECT(518,261,552,351)
IRECT(265,76,355,101)
IRECT(265,76,351,94)
IRECT(265,96,295,121)
IRECT(325,96,355,121)
IRECT(366,74,406,114)
IRECT(415,74,455,114)
IRECT(366,146,406,186)
IRECT(415,146,455,186)
IRECT(505,74,545,114)
IRECT(555,74,595,114)
IRECT(505,146,545,186)
IRECT(555,146,595,186)
IRECT(280,123,340,183)
IRECT(278,261,312,351)
IRECT(333,261,367,351)
IRECT(388,261,422,351)
IRECT(443,261,477,351)
IRECT(518,261,552,351)
IRECT(265,76,355,101)
IRECT(265,76,351,94)
IRECT(265,96,295,121)
IRECT(325,96,355,121)
IRECT(366,74,406,114)
IRECT(415,74,455,114)
IRECT(366,146,406,186)
IRECT(415,146,455,186)
IRECT(505,74,545,114)
IRECT(555,74,595,114)
IRECT(505,146,545,186)
IRECT(555,146,595,186)
IRECT(280,123,340,183)
IRECT(278,261,312,351)
IRECT(333,261,367,351)
IRECT(388,261,422,351)
IRECT(443,261,477,351)
IRECT(518,261,552,351)
IRECT(265,76,355,101)
IRECT(265,76,351,94)
IRECT(265,96,295,121)
IRECT(325,96,355,121)
IRECT(366,74,406,114)
IRECT(415,74,455,114)
IRECT(366,146,406,186)
IRECT(415,146,455,186)
IRECT(505,74,545,114)
IRECT(555,74,595,114)
IRECT(505,146,545,186)
IRECT(555,146,595,186)
IRECT(280,123,340,183)
IRECT(278,261,312,351)
IRECT(333,261,367,351)
IRECT(388,261,422,351)
IRECT(443,261,477,351)
IRECT(518,261,552,351)
IRECT(265,76,355,101)
IRECT(265,76,351,94)
IRECT(265,96,295,121)
IRECT(325,96,355,121)
IRECT(97,36,135,74)
IRECT(26,75,64,113)
IRECT(26,146,64,184)
IRECT(166,75,204,113)
IRECT(166,146,204,184)
IRECT(166,341,204,379)
IRECT(166,255,204,293)
IRECT(86,255,124,293)
IRECT(26,255,64,293)
IRECT(187,564,225,602)
IRECT(125,564,163,602)
IRECT(86,443,124,481)
IRECT(26,443,64,481)
IRECT(526,585,564,623)
IRECT(585,585,623,623)
IRECT(45,317,105,377)
IRECT(44,506,104,566)
IRECT(145,477,205,537)
IRECT(544,497,604,557)
IRECT(81,93,148,160)
IRECT(99,159,130,175)
IRECT(661,49,728,116)
IRECT(679,115,710,131)
IRECT(661,168,728,235)
IRECT(679,234,710,250)
IRECT(661,289,728,356)
IRECT(679,355,710,371)
IRECT(661,408,728,475)
IRECT(679,474,710,490)
IRECT(279,450,311,540)
IRECT(334,450,366,540)
IRECT(389,450,421,540)
IRECT(444,450,476,540)
IRECT(744,44,776,134)
IRECT(744,164,776,254)
IRECT(744,284,776,374)
IRECT(744,404,776,494)
IRECT(789,44,829,69)
IRECT(789,164,829,189)
IRECT(789,284,829,309)
IRECT(789,404,829,429)
IRECT(789,69,829,94)
IRECT(789,189,829,214)
IRECT(789,309,829,334)
IRECT(789,429,829,454)
IRECT(530,450,620,475)
IRECT(530,451,616,469)
IRECT(530,470,560,495)
IRECT(590,470,620,495)
IRECT(689,538,799,613)
IRECT(680,616,710,641)
IRECT(783,616,813,641)
IRECT(860,0,1100,550)
IRECT(444,634,504,659)
IRECT(98,670,762,804)
IRECT(122,708,144,730)
IRECT(122,763,144,785)
IRECT(192,763,214,785)
IRECT(192,708,214,730)
IRECT(245,694,260,796)
IRECT(350,708,372,730)
IRECT(350,763,372,785)
IRECT(420,763,442,785)
IRECT(420,708,442,730)
IRECT(472,694,487,796)
IRECT(575,708,597,730)
IRECT(576,763,598,785)
IRECT(646,763,668,785)
IRECT(645,708,667,730)
IRECT(698,694,713,796)
IRECT(511,675,576,692)
IRECT(0,670,731,804)
IRECT(775.5,720,815.5,740)
IRECT(770.5,680,820.5,720)
IRECT(758.5,760,832.5,784)
IRECT(393,634,453,659)
IRECT(449,611,504,636)
IRECT(393,611,448,636)
IRECT(924,519,1034,543)
IRECT(874,429,1056,504)
IRECT(1070,428,1080,503)
IRECT(866,371,936,395)
IRECT(945,371,1015,395)
IRECT(1024,371,1094,395)
IRECT(874,97,1056,360)
IRECT(1070,95,1080,359)
IRECT(870,39,975,58)
IRECT(1009,37,1071,59)
IRECT(1071,36,1095,60)
IRECT(985,36,1009,60)
IRECT(868,6,978,30)
IRECT(985,6,1095,30)
