IRECT(0,0,1222,610)
IRECT(990,0,1230,663)
IRECT(0,0,990,430)
IRECT(0,356,990,430)
IRECT(16,0,976,351)
IRECT(16,0,976,351)
IRECT(16,0,976,351)
IRECT(5,435,838,569)
IRECT(898,463,928,483)
IRECT(875,504,960,534)
IRECT(33,168,56,198)
IRECT(61,168,84,198)
IRECT(89,168,112,198)
IRECT(117,168,140,198)
IRECT(145,168,168,198)
IRECT(33,281,56,311)
IRECT(61,281,84,311)
IRECT(89,281,112,311)
IRECT(117,281,140,311)
IRECT(145,281,168,311)
IRECT(262,56,285,86)
IRECT(292,56,315,86)
IRECT(393,56,416,86)
IRECT(335,166,358,196)
IRECT(363,166,386,196)
IRECT(391,166,414,196)
IRECT(493,166,516,196)
IRECT(522,166,545,196)
IRECT(468,277,491,307)
IRECT(496,277,519,307)
IRECT(524,277,547,307)
IRECT(568,277,591,307)
IRECT(605,277,628,307)
IRECT(354,277,377,307)
IRECT(41,72,64,102)
IRECT(86,72,109,102)
IRECT(132,72,155,102)
IRECT(343,185,366,215)
IRECT(377,185,400,215)
IRECT(479,185,502,215)
IRECT(513,185,536,215)
IRECT(822,185,845,215)
IRECT(933,185,956,215)
IRECT(53,49,76,79)
IRECT(438,49,461,79)
IRECT(438,133,461,163)
IRECT(484,133,507,163)
IRECT(388,220,412,252)
IRECT(47,50,80,83)
IRECT(124,50,157,83)
IRECT(208,51,241,84)
IRECT(338,49,371,82)
IRECT(209,160,242,193)
IRECT(275,161,308,194)
IRECT(431,161,464,194)
IRECT(209,270,242,303)
IRECT(299,270,332,303)
IRECT(411,269,444,302)
IRECT(452,49,485,82)
IRECT(518,49,551,82)
IRECT(583,49,616,82)
IRECT(582,162,615,195)
IRECT(662,49,695,82)
IRECT(725,49,758,82)
IRECT(789,49,822,82)
IRECT(853,49,886,82)
IRECT(662,160,695,193)
IRECT(725,160,758,193)
IRECT(789,160,822,193)
IRECT(853,160,886,193)
IRECT(916,160,949,193)
IRECT(662,270,695,303)
IRECT(725,270,758,303)
IRECT(789,270,822,303)
