IRECT(0,0,1222,610)
IRECT(0,0,990,430)
IRECT(0,356,990,430)
IRECT(16,0,976,351)
IRECT(16,0,976,351)
IRECT(16,0,976,351)
IRECT(5,435,838,569)
IRECT(898,463,928,483)
IRECT(875,504,960,534)
IRECT(33,168,56,198)
IRECT(61,168,84,198)
IRECT(89,168,112,198)
IRECT(117,168,140,198)
IRECT(145,168,168,198)
IRECT(33,281,56,311)
IRECT(61,281,84,311)
IRECT(89,281,112,311)
IRECT(117,281,140,311)
IRECT(145,281,168,311)
IRECT(262,56,285,86)
IRECT(292,56,315,86)
IRECT(393,56,416,86)
IRECT(335,166,358,196)
IRECT(363,166,386,196)
IRECT(391,166,414,196)
IRECT(493,166,516,196)
IRECT(522,166,545,196)
IRECT(468,277,491,307)
IRECT(496,277,519,307)
IRECT(524,277,547,307)
IRECT(568,277,591,307)
IRECT(605,277,628,307)
IRECT(354,277,377,307)
IRECT(41,72,64,102)
IRECT(86,72,109,102)
IRECT(132,72,155,102)
IRECT(343,185,366,215)
IRECT(377,185,400,215)
IRECT(479,185,502,215)
IRECT(513,185,536,215)
IRECT(822,185,845,215)
IRECT(933,185,956,215)
IRECT(53,49,76,79)
IRECT(438,49,461,79)
IRECT(438,133,461,163)
IRECT(484,133,507,163)
IRECT(388,220,412,252)
IRECT(47,50,80,83)
IRECT(124,50,157,83)
IRECT(208,51,241,84)
IRECT(338,49,371,82)
IRECT(209,160,242,193)
IRECT(275,161,308,194)
IRECT(431,161,464,194)
IRECT(209,270,242,303)
IRECT(299,270,332,303)
IRECT(411,269,444,302)
IRECT(452,49,485,82)
IRECT(518,49,551,82)
IRECT(583,49,616,82)
IRECT(582,162,615,195)
IRECT(662,49,695,82)
IRECT(725,49,758,82)
IRECT(789,49,822,82)
IRECT(853,49,886,82)
IRECT(662,160,695,193)
IRECT(725,160,758,193)
IRECT(789,160,822,193)
IRECT(853,160,886,193)
IRECT(916,160,949,193)
IRECT(662,270,695,303)
IRECT(725,270,758,303)
IRECT(789,270,822,303)
IRECT(853,270,886,303)
IRECT(916,270,949,303)
IRECT(920,49,953,82)
IRECT(47,183,80,216)
IRECT(116,183,149,216)
IRECT(186,183,219,216)
IRECT(215,50,248,83)
IRECT(333,50,366,83)
IRECT(293,182,326,215)
IRECT(428,182,461,215)
IRECT(556,182,589,215)
IRECT(621,182,654,215)
IRECT(686,182,719,215)
IRECT(751,180,784,213)
IRECT(428,48,461,81)
IRECT(522,48,555,81)
IRECT(614,48,647,81)
IRECT(708,48,741,81)
IRECT(872,180,905,213)
IRECT(118,46,151,79)
IRECT(118,124,151,157)
IRECT(257,46,290,79)
IRECT(257,124,290,157)
IRECT(335,79,368,112)
IRECT(538,46,571,79)
IRECT(538,127,571,160)
IRECT(688,46,721,79)
IRECT(688,124,721,157)
IRECT(757,46,790,79)
IRECT(757,124,790,157)
IRECT(827,46,860,79)
IRECT(825,124,858,157)
IRECT(904,80,937,113)
IRECT(168,382,234,404)
IRECT(269,58,299,73)
IRECT(239,191,261,206)
IRECT(927,229,957,244)
IRECT(851,70,911,88)
IRECT(178,55,217,72)
IRECT(181,135,214,152)
IRECT(600,57,649,74)
IRECT(600,135,649,152)
IRECT(505,27,603,104)
IRECT(515,104,613,181)
IRECT(530,58,579,75)
IRECT(530,136,579,153)
IRECT(1059,10,1100,30)
IRECT(1100,10,1124,34)
IRECT(1040,10,1064,34)
IRECT(32,356,50,422)
IRECT(75,361,141,383)
IRECT(75,382,141,404)
IRECT(75,403,141,425)
IRECT(1002,44,1178,68)
IRECT(327,382,406,404)
IRECT(247,382,313,404)
IRECT(995,242,1185,425)
IRECT(994,211,1079,241)
