IRECT(0,0,962,500)
IRECT(4,35,957,496)
IRECT(4,35,957,496)
IRECT(5,505,814.2,639)
IRECT(873,543,903,563)
IRECT(847,590,932,620)
IRECT(86,426,103,456)
IRECT(122,426,139,456)
IRECT(196,426,213,456)
IRECT(234,426,251,456)
IRECT(271,426,288,456)
IRECT(345,426,362,456)
IRECT(382,426,399,456)
IRECT(419,426,436,456)
IRECT(456,426,473,456)
IRECT(527,426,544,456)
IRECT(564,426,581,456)
IRECT(599,426,616,456)
IRECT(638,426,655,456)
IRECT(675,426,692,456)
IRECT(711,426,728,456)
IRECT(781,426,798,456)
IRECT(819,426,836,456)
IRECT(854,426,871,456)
IRECT(931,426,948,456)
IRECT(41,88,58,118)
IRECT(163,88,180,118)
IRECT(309,88,326,118)
IRECT(398,54,415,84)
IRECT(637,84,654,114)
IRECT(893,4,910,34)
IRECT(601,10,681,30)
IRECT(741,11,821,31)
IRECT(39,288,59,377)
IRECT(523,288,543,377)
IRECT(523,83,543,172)
IRECT(560,83,580,172)
IRECT(709,83,729,172)
IRECT(778,83,798,172)
IRECT(635,288,655,377)
IRECT(709,288,729,377)
IRECT(779,288,799,377)
IRECT(815,83,835,172)
IRECT(853,83,873,172)
IRECT(818,288,838,377)
IRECT(853,288,873,377)
IRECT(121,288,141,377)
IRECT(269,288,289,377)
IRECT(486,288,506,377)
IRECT(671,288,691,377)
IRECT(890,288,910,377)
IRECT(926,288,946,377)
IRECT(83,288,103,377)
IRECT(195,288,215,377)
IRECT(231,288,251,377)
IRECT(343,288,363,377)
IRECT(486,83,506,172)
IRECT(889,83,909,172)
IRECT(926,83,946,172)
IRECT(83,83,103,172)
IRECT(119,83,139,172)
IRECT(158,288,178,377)
IRECT(379,288,399,377)
IRECT(417,288,437,377)
IRECT(561,288,581,377)
IRECT(230,83,250,172)
IRECT(267,83,287,172)
IRECT(306,288,326,377)
IRECT(597,288,617,377)
IRECT(22,84,42,173)
IRECT(22,185,47,205)
IRECT(22,303,42,392)
IRECT(123,303,143,392)
IRECT(121,273,153,288)
IRECT(81,303,101,392)
IRECT(78,273,110,288)
IRECT(168,303,188,392)
IRECT(211,303,231,392)
IRECT(507,303,527,392)
IRECT(655,303,675,392)
IRECT(282,303,302,392)
IRECT(357,304,382,394)
IRECT(410,304,435,394)
IRECT(359,303,379,392)
IRECT(347,287,392,302)
IRECT(412,303,432,392)
IRECT(401,287,447,302)
IRECT(351,322,397,342)
IRECT(426,322,472,342)
IRECT(694,94,744,114)
IRECT(594,303,614,392)
IRECT(737,303,757,392)
IRECT(836,303,856,392)
IRECT(550,303,570,392)
IRECT(696,303,716,392)
IRECT(506,60,526,149)
IRECT(612,60,632,149)
IRECT(162,422,179,452)
IRECT(328,422,345,452)
IRECT(371,422,388,452)
IRECT(442,422,459,452)
IRECT(483,422,500,452)
IRECT(306,83,323,113)
IRECT(366,83,383,113)
IRECT(423,83,440,113)
IRECT(761,83,778,113)
IRECT(557,87,572,127)
IRECT(812,226,878,248)
IRECT(141,97,188,114)
IRECT(1027,10,1087,30)
IRECT(1087,10,1107,30)
IRECT(1007,10,1027,30)
IRECT(40,395,59,466)
IRECT(41,177,55,228)
IRECT(196,87,210,138)
IRECT(343,87,357,138)
IRECT(232,8,298,30)
IRECT(298,8,364,30)
IRECT(812,176,891,198)
IRECT(812,201,891,223)
IRECT(967,242,1157,495)
IRECT(966,212,1051,242)
IRECT(964,36,1160,60)
