IRECT(839,442,999,517)
IRECT(0,0,799,414)
IRECT(799,0,1039,414)
IRECT(0,0,799,36)
IRECT(18,40,781,414)
IRECT(18,40,781,414)
IRECT(42,52,78,88)
IRECT(229,50,265,86)
IRECT(471,50,507,86)
IRECT(423,298,458,334)
IRECT(476,298,511,334)
IRECT(448,348,483,384)
IRECT(606,307,641,343)
IRECT(676,296,711,332)
IRECT(676,348,711,384)
IRECT(714,98,749,134)
IRECT(714,163,749,199)
IRECT(714,214,749,250)
IRECT(181,60,225,78)
IRECT(424,60,468,78)
IRECT(122,100,155,115)
IRECT(294,100,327,115)
IRECT(543,100,576,115)
IRECT(36,146,56,262)
IRECT(62,146,82,262)
IRECT(204,146,224,262)
IRECT(230,146,250,262)
IRECT(454,146,474,262)
IRECT(480,146,500,262)
IRECT(88,146,108,262)
IRECT(114,146,134,262)
IRECT(166,146,186,262)
IRECT(256,146,276,262)
IRECT(282,146,302,262)
IRECT(334,146,354,262)
IRECT(412,146,432,262)
IRECT(506,146,526,262)
IRECT(532,146,552,262)
IRECT(584,146,604,262)
IRECT(662,146,682,262)
IRECT(140,146,160,262)
IRECT(308,146,328,262)
IRECT(360,146,380,262)
IRECT(386,146,406,262)
IRECT(558,146,578,262)
IRECT(610,146,630,262)
IRECT(636,146,656,262)
IRECT(30,300,79,385)
IRECT(86,300,135,385)
IRECT(352,300,401,385)
IRECT(525,300,574,385)
IRECT(720,300,769,385)
IRECT(720,300,769,385)
IRECT(231,305,344,375)
IRECT(253,382,287,401)
IRECT(144,306,216,376)
IRECT(70,297,105,333)
IRECT(75,333,103,347)
IRECT(126,297,161,333)
IRECT(129,333,157,347)
IRECT(181,297,216,333)
IRECT(183,333,211,347)
IRECT(237,297,272,333)
IRECT(237,333,265,347)
IRECT(284,297,319,333)
IRECT(70,352,105,388)
IRECT(75,390,103,404)
IRECT(126,352,161,388)
IRECT(129,390,157,404)
IRECT(181,352,216,388)
IRECT(183,390,211,404)
IRECT(236,352,271,388)
IRECT(237,390,265,404)
IRECT(284,352,319,388)
IRECT(365,296,400,332)
IRECT(332,353,367,389)
IRECT(392,353,427,389)
IRECT(471,295,506,331)
IRECT(471,353,506,389)
IRECT(589,295,624,331)
IRECT(589,353,624,389)
IRECT(677,295,712,331)
IRECT(677,353,712,389)
IRECT(68,91,103,127)
IRECT(69,130,102,146)
IRECT(68,192,103,228)
IRECT(69,231,102,247)
IRECT(166,91,201,127)
IRECT(166,192,201,228)
IRECT(458,91,493,127)
IRECT(458,192,493,228)
IRECT(260,91,295,127)
IRECT(368,91,403,127)
IRECT(368,192,403,228)
IRECT(363,99,409,115)
IRECT(363,200,409,216)
IRECT(649,91,684,127)
IRECT(649,192,684,228)
IRECT(738,141,773,177)
IRECT(553,91,588,127)
IRECT(553,192,588,228)
IRECT(306,245,340,264)
IRECT(261,191,295,210)
IRECT(465,150,499,169)
IRECT(698,98,732,117)
IRECT(698,198,732,217)
IRECT(694,149,733,165)
IRECT(368,77,398,91)
IRECT(368,176,398,190)
IRECT(364,77,405,91)
IRECT(364,176,405,190)
IRECT(308,8,374,30)
IRECT(156,8,222,30)
IRECT(222,8,288,30)
IRECT(67,414,731,548)
IRECT(91,452,113,474)
IRECT(91,507,113,529)
IRECT(161,507,183,529)
IRECT(161,452,183,474)
IRECT(214,438,229,540)
IRECT(319,452,341,474)
IRECT(319,507,341,529)
IRECT(389,507,411,529)
IRECT(389,452,411,474)
IRECT(441,438,456,540)
IRECT(544,452,566,474)
IRECT(545,507,567,529)
IRECT(615,507,637,529)
IRECT(614,452,636,474)
IRECT(667,438,682,540)
IRECT(480,419,545,436)
IRECT(0,414,679.15,548)
IRECT(719.075,464,759.075,484)
IRECT(714.075,424,764.075,464)
IRECT(702.075,504,776.075,528)
IRECT(538,8,604,30)
IRECT(461,8,527,30)
IRECT(384,8,450,30)
IRECT(863,383,973,407)
IRECT(813,295,995,370)
IRECT(1009,294,1019,369)
IRECT(806,237,876,261)
IRECT(884,237,954,261)
IRECT(963,237,1033,261)
IRECT(813,97,995,226)
IRECT(1009,95,1019,225)
IRECT(809,39,914,58)
IRECT(948,37,1010,59)
IRECT(1010,36,1034,60)
IRECT(924,36,948,60)
IRECT(806,6,916,30)
IRECT(924,6,1034,30)
