IRECT(0,0,799,414)
IRECT(18,40,781,414)
IRECT(18,40,781,414)
IRECT(578,5,610,37)
IRECT(637,5,669,37)
IRECT(711,15,740,28)
IRECT(42,52,78,88)
IRECT(229,50,265,86)
IRECT(471,50,507,86)
IRECT(423,298,458,334)
IRECT(476,298,511,334)
IRECT(448,348,483,384)
IRECT(606,307,641,343)
IRECT(676,296,711,332)
IRECT(676,348,711,384)
IRECT(714,98,749,134)
IRECT(714,163,749,199)
IRECT(714,214,749,250)
IRECT(181,60,225,78)
IRECT(424,60,468,78)
IRECT(122,100,155,115)
IRECT(294,100,327,115)
IRECT(543,100,576,115)
IRECT(36,146,56,262)
IRECT(62,146,82,262)
IRECT(204,146,224,262)
IRECT(230,146,250,262)
IRECT(454,146,474,262)
IRECT(480,146,500,262)
IRECT(88,146,108,262)
IRECT(114,146,134,262)
IRECT(166,146,186,262)
IRECT(256,146,276,262)
IRECT(282,146,302,262)
IRECT(334,146,354,262)
IRECT(412,146,432,262)
IRECT(506,146,526,262)
IRECT(532,146,552,262)
IRECT(584,146,604,262)
IRECT(662,146,682,262)
IRECT(140,146,160,262)
IRECT(308,146,328,262)
IRECT(360,146,380,262)
IRECT(386,146,406,262)
IRECT(558,146,578,262)
IRECT(610,146,630,262)
IRECT(636,146,656,262)
IRECT(30,300,79,385)
IRECT(86,300,135,385)
IRECT(352,300,401,385)
IRECT(525,300,574,385)
IRECT(720,300,769,385)
IRECT(720,300,769,385)
IRECT(231,305,344,375)
IRECT(253,382,287,401)
IRECT(144,306,216,376)
IRECT(70,297,105,333)
IRECT(75,333,103,347)
IRECT(126,297,161,333)
IRECT(129,333,157,347)
IRECT(181,297,216,333)
IRECT(183,333,211,347)
IRECT(237,297,272,333)
IRECT(237,333,265,347)
IRECT(284,297,319,333)
IRECT(70,352,105,388)
IRECT(75,390,103,404)
IRECT(126,352,161,388)
IRECT(129,390,157,404)
IRECT(181,352,216,388)
IRECT(183,390,211,404)
IRECT(236,352,271,388)
IRECT(237,390,265,404)
IRECT(284,352,319,388)
IRECT(365,296,400,332)
IRECT(332,353,367,389)
IRECT(392,353,427,389)
IRECT(471,295,506,331)
IRECT(471,353,506,389)
IRECT(589,295,624,331)
IRECT(589,353,624,389)
IRECT(677,295,712,331)
IRECT(677,353,712,389)
IRECT(68,91,103,127)
IRECT(69,130,102,146)
IRECT(68,192,103,228)
IRECT(69,231,102,247)
IRECT(166,91,201,127)
IRECT(166,192,201,228)
IRECT(458,91,493,127)
IRECT(458,192,493,228)
IRECT(260,91,295,127)
IRECT(368,91,403,127)
IRECT(363,130,408,146)
IRECT(368,192,403,228)
IRECT(363,231,408,247)
IRECT(363,99,409,115)
IRECT(363,200,409,216)
IRECT(649,91,684,127)
IRECT(649,192,684,228)
IRECT(738,141,773,177)
IRECT(553,91,588,127)
IRECT(553,192,588,228)
IRECT(306,245,340,264)
IRECT(261,191,295,210)
IRECT(465,150,499,169)
IRECT(698,98,732,117)
IRECT(698,198,732,217)
IRECT(694,149,733,165)
IRECT(368,77,398,91)
IRECT(368,176,398,190)
IRECT(364,77,405,91)
IRECT(364,176,405,190)
IRECT(5,419,675.65,553)
IRECT(720,451,750,471)
IRECT(696,496,781,526)
IRECT(477,10,543,32)
IRECT(871,11,931,31)
IRECT(931,11,951,31)
IRECT(852,11,872,31)
IRECT(156,8,222,30)
IRECT(222,8,288,30)
IRECT(803,37,999,61)
IRECT(694,57,773,79)
IRECT(607,57,686,79)
IRECT(804,242,994,409)
IRECT(811,40,987,64)
