IRECT(0,0,969,382)
IRECT(6,29,962,334)
IRECT(6,29,962,334)
IRECT(5,387,820.15,521)
IRECT(873,424,903,444)
IRECT(850,476,935,506)
IRECT(435,340,472,377)
IRECT(555,340,592,377)
IRECT(54,72,91,109)
IRECT(20,161,57,198)
IRECT(92,161,129,198)
IRECT(278,165,315,202)
IRECT(278,259,315,296)
IRECT(436,80,473,117)
IRECT(436,162,473,199)
IRECT(436,247,473,284)
IRECT(554,121,591,158)
IRECT(554,203,591,240)
IRECT(681,82,718,119)
IRECT(756,82,793,119)
IRECT(826,82,863,119)
IRECT(681,165,718,202)
IRECT(756,165,793,202)
IRECT(826,165,863,202)
IRECT(681,258,718,295)
IRECT(756,258,793,295)
IRECT(826,258,863,295)
IRECT(902,80,939,117)
IRECT(902,168,939,205)
IRECT(902,258,939,295)
IRECT(53,73,90,110)
IRECT(19,161,56,198)
IRECT(93,161,130,198)
IRECT(173,72,210,109)
IRECT(173,159,210,196)
IRECT(173,247,210,284)
IRECT(265,220,302,257)
IRECT(269,101,306,138)
IRECT(357,156,394,193)
IRECT(354,247,391,284)
IRECT(437,157,474,194)
IRECT(530,101,567,138)
IRECT(530,232,567,269)
IRECT(609,101,646,138)
IRECT(609,232,646,269)
IRECT(691,101,728,138)
IRECT(691,232,728,269)
IRECT(769,101,806,138)
IRECT(769,232,806,269)
IRECT(897,158,934,195)
IRECT(190,69,236,115)
IRECT(190,156,236,202)
IRECT(190,249,236,295)
IRECT(353,69,399,115)
IRECT(353,156,399,202)
IRECT(353,249,399,295)
IRECT(352,69,398,115)
IRECT(164,278,176,312)
IRECT(483,316,517,328)
IRECT(623,175,657,187)
IRECT(623,92,657,104)
IRECT(623,137,657,149)
IRECT(136,100,170,112)
IRECT(611,172,645,184)
IRECT(840,110,874,122)
IRECT(840,243,874,255)
IRECT(614,214,626,248)
IRECT(497,92,531,104)
IRECT(497,175,531,187)
IRECT(497,260,531,272)
IRECT(497,134,531,146)
IRECT(497,216,531,228)
IRECT(63,240,97,252)
IRECT(63,268,97,280)
IRECT(63,254,97,266)
IRECT(63,225,97,237)
IRECT(63,284,97,296)
IRECT(108,230,126,296)
IRECT(108,40,138,55)
IRECT(268,154,307,170)
IRECT(268,274,307,290)
IRECT(832,168,878,186)
IRECT(525,154,574,171)
IRECT(525,287,574,304)
